3311 ut„ 11818 iesu

testautauits 81 thabitam ni:
888111 1118118881 8118 1118111118

1888111 8188111. &etita etgu'

181811811 81 8811818811 est 18111
8111181 11811188 88 1819 81111118

818111 ee ,9181811881 181 1111818·

1811118111 1111181818. 818 8111.
888818 1811181188 88 1811118.

ἐι· 18111811 8188 8881111119 181

18 818 88888111 tunt 1181111118

818 181118. 88 sanctu murm:
118. 11188 81111118 18111888,
88 8188111188 8881188111 11181
111 mima 818. 3111 1888. 8118. fi
Qatnu. 88 1811118 88 811118 81
88 1111111818. 3111 81. 88 1111188
888 181181. 1188. 8118 1818. 811.
a 18118 8118. (11818 818 118111
cut ἰ 818. 8818 88 1118 8818818
81 88 18118 1881811118. 111118. 1.

1881811189 881 saluti:

1811 1818 1181111 1818 881
891 18111818 11181188 1881881115
111811 18118. 118881818811811
18881888 8188181119 18111188
81 1881888181 11818 11111 819 8111
881111 811. 1111111 qui 1881118181
1811181111 8 8118 1818 188 1818
888 88118 8181188118] 11811 111
18118 188 in 18118. 111) 8818 888
18 18181118 8811118181 188 1818
11111818 1818 11111 81181818. 311
18 18181118 8181188118 81 11185
1811118 in 818. 1118111 8181118111
81888118 818) 8181818888 111
1181118. 31118 188818] 1118 185
11188118818. 31118 111 8818811

11811111.

11811888 188 111 88818 881818.
<angue 11111111 818818 1818111 88
11818181 8188818 118 881181188
8818 qui 818 881 88818 1818111
negat! 1188111 11888181 est 11111
8811, 88181181. met quisti) 88 11
88 1818 1888181881 181818 ba:
881 1181 11881811 amantissima
finni 8111111 mu 1181111118 1818
111811 1181818111 11811 1811188118
1111 118118 11888111 1818 11111111
8118111. 188811811811811181 1111
1818181 8118181818 1811118 1181-
811888 1111888 181 1818111 1811,
18118 8111 88 18188 8811111118 18
1881811181 1188 1811188 881 18
88181 81 1111111111 1888181 mi:
18111 in 81888111 8188818111.

&eumz 888118 8818 881 888.
1811118188 quem 18 petreque:
1181 18188 1811818811 81181118
111 1818 1181111118 8888581811
8183 8 1818 818118 1118811118 18
88811888 111881188181. &aa
88811188 181181 888888115811
88 881 88118 1181118111 81 88
11118 1888881811 81 8818 8185
118 18111 118818 1111188 818118
81188 11118111 88 888 8181111118
811 1111111181 1181181 1181111 1118
8111 1818111 18811188. 1118111811
Duc 888811188111 1181111 118
1188 111118 8811818819 811 1881
181111 8818 811 88811 88188
811111 8888118181 81811888
811 18811111 1111811818 81118118
8111 1111111818 nug 81881811

11

