mnuemhet

111111. &en angluz 11 qun 111
ma 11111111111111119 1111111111 1
,1111111 1111111 111111119 est 11
1111111 1111111111 11111111 1111
111 111111111111111111. 1. 1111.
Π 111 111119 1111111119 hnc 11111
1111 111111111111111111 11111 11 11
119 11119 11111111 111111 1113111

111111111111 1111111111 qualiter,

1111111119 11111111 111111 mnis
11111 1111111 11111111 vuffa:
111111 ΊΒ111111 1111 1111111119
1111111111. &gna 1 111 1111
1111111 n, 11 1111111 11111111 111
1111111111. mit 1111111111 11119
111 1111111111111 1111111 111111
1111111111111 11111111 suma
singula 11111111 1111111111 ni:
gtass suma 1111 1111115 11 111
1111111111 1111111111 11111111
1111 111111 11111111 fimi· 11111
1111111 insinuatum intelligam
11111111111111111111111111 ,1111
1111 &aput 1111 11111 111 111
1111111111 1113111 1111111111 111
11 111111111111111 11111111 q>
11 1111111111111 1111 1111 nefa
11111 11 1 1111 11111111 11 ta:
11111 1111111111 111111 11115 1111
111 11111 lupum 111111 1111111
11 11111 111 tamuz 1111 bu:
Η111 11111111 (11111111. 1.
111 1111111 1111111111 111115
11 11111 11111111 1111111 11119
11111 11 111 1111111 11119 geta
11111111 11111 11111111 gestam 1
11111 111111111 1111 lupo 1111111

31η festo

qu'e' 111111111 111111 1119 su:
11111111 1111111111111 1111111 11
muz miteretur. ffiui 11119 11115
111111 1111111111 111 1111 utun:
11 1111111111 111 111111111111111
permansit. 61:11 11111111. 111. 11
Insuper 1111 111 11119 get:
11111111 1111 11111111 111111 1115
quibua 11111111 1111 1111111111
1 1111111 1111111111 suu ligna
11111111 1111 postulauit qui zi:
11111 1111111 11111111 at 111 1111
1111111111111 1111 1111111 111
11 1111111111 ligna Duceret
11 11111 111111 1111 1111111111
1111111] 11111111 11111111 11 111111
1111111111 11111 1111 111111111111
11115 pluuia 11 1111 11111 1111
111 111111 1111111111 111 1111111
11111111 111 11111 11111111111111 q>
11111111 11111 sui niscipuli 111
11111 concutiebat 111111111 111
1111111 1111111 1111111111 tun:
111 11111111 111 11111111 1111111111
11111111111111 1111111 11 tel:
11111 111 1111111111 1111111111.
1111 1111. 11111111 111 11 qun:
tunoe tunfeffoze. 1] 311 testu
penne 1111111111 1111111 11. 1.

&iz 111 ut 1111 11111
Q nostet 11111 111111 1‘1
111 11111 1111111 11

11111 benignu 11111111 111111
1111111111 11111111 1111111111111
111 11111111. 115. 11111111 pue
11. 511, QLunfitmata 111 11111 11
1111111 sup 1111 qui 11111111111

