Ὼ5111111115. 111. 511511111

11111151111151 1111191 et 11 1111111
511111 5115155111 15155 1115 11 1
1511111111 11119 1111111511111 5155
11155 613111 111111151151 11111551
11111 11155515 11119 11 1151111155
5511111111 11151 55 11111111511111
11115 5111115 ἐή 1115111115 1111
1511111191 1115111191 111511115 511
11 11511 111 11151111511511111111111.

1111111115 Ω 1555111555

(1111111511 1111 111551111115
51111111191 111 11 11115 11119 111111
1115 111 ,51111151111111 111115111
1151111 11115115 111511 511151111
115 ee 51111115 3111511111 11115 511
5111 1111151111111 11111 151111 111
151111 11115 1319 1111 ᾕ5115151111
115111 1 111115 l 11 111511111 111115
11111111 111155 115111 511151151
um] 1151551111 111115 11511111
1111 11 511 11115 3111 515111 51111
115115111 s 11 1115111151151111151
115 ee ἡ 55115111115111111111 1115
mni honuzifioet 11115 11111 s 15
11155511 1 111115 et 1 511 5151115
1111 1151151114] ὒῆ115111.11.1.

ᾳω, 1151151111151 1111111
11111 11115 munt 1511515
11 et 11 5111511 1111 1111151151111

1115111 mni 1111111 5111 1151155
151 11511115 11 1111511 51115 111
11111515 11 11 511111511111111 n=
11111 111111115111 1151 11511111ε
115 15511515 1111111 11111 111 su:
111111111151111111111511115 5 515
11 1111511115 11119 1 1151111111115
’3151511115 na: (manet. r. 11.

1115 11111151 5511155 111151111
111511511115 111115 11551151 111
5511ιί111 1151 51111151 151111111
115 11115 11111 1111 ’1 1111 tihi 5115
115 15111115 1115115 1111 5515 11
5511511 11115 11111 11515119 fi:
111 111 11111 11511511 ,11111 [11111111
11111115 11115 1111 ee 111 15111515
11115115 111191 11 11 511111111 11·
1111 1111115 551 11111111111155 111
111 511111111115. 1111. 11115, 111.
3111115111115 111111115 115 1111
111 5111111151111 115 11 111115 111115
1111111111 11111 11511111 111111111ε
115 15111151111111111111 11 111 511
11111111511515 1511111115151111111
1111 et 11111111111115 5151115 151
111111 11115 1115. 111ὶ111 11151115ι
1111 ‘e' 1‘1 511111111111111151111 et 1
1115115111115 5 515 11111 1151111
111111151111 5115 1115 ,511111 11111
1111 5111111111 5115111 511151115.
fflufitn 11155119 15 5111111115 11
111 51111151 111515 515 111111115
5151151111 11111 11155115 11511115
511151191 11 511 111111111111115 115
115151 315111 515111 111151111
5111151 aelemosyna 111111111111
15115 1151511111 111511 11 1111111
111 nouissimo. stettin quinta.
Η111 1111115113ηῆ 1151111111 111
5111555151 11 51155 11155111
1151111111155 5 1151111111 ani:
1115111 esurienti 111 51111111115
11 111 1151111115 1151111111 111 111
51115 1115 (1151 11151115 111 51111

